0.000000e+00
1.562456e-07
2.710773e-07
5.452934e-07
1.197259e-06
1.293267e-06
1.398686e-06
1.529832e-06
1.658468e-06
1.792126e-06
1.792126e-06
3.514597e-06
0.000000e+00
1.133494e+00
1.534238e+00
1.860572e+00
2.051255e+00
3.449757e+00
6.701745e+00
6.897790e+00
8.403467e+00
0.000000e+00
4.308849e-01
3.306244e+00
4.429565e+00
4.437300e+00
4.584988e+00
5.815242e+00
6.014383e+00
6.463643e+00
6.731853e+00
7.018331e+00
7.024488e+00
7.141930e+00
7.713718e+00
1.201345e+01
1.308470e+01
1.477046e+01
1.553799e+01
1.580303e+01
1.584846e+01
1.596263e+01
1.637828e+01
1.717203e+01
1.869117e+01
2.322387e+01
2.422473e+01
2.441804e+01
2.516321e+01
2.525486e+01
2.545770e+01
2.685755e+01
2.692260e+01
3.238126e+01
3.308700e+01
3.367144e+01
3.406191e+01
3.426616e+01
3.477083e+01
3.482874e+01
3.922789e+01
3.983242e+01
4.005510e+01
4.055299e+01
4.146019e+01
4.164789e+01
4.279199e+01
4.283878e+01
