1.014412e-05
7.664442e-06
1.274291e-05
7.447957e-06
1.593896e-05
3.606674e-06
5.411866e-06
6.514495e-06
7.636388e-06
6.560682e-06
6.560682e-06
8.682825e-06
5.121047e-01
1.028895e+01
1.809967e+01
1.518627e+01
1.716382e+01
1.949343e+01
2.674868e+01
2.704038e+01
2.711597e+01
5.993494e-01
6.997227e+00
1.659447e+01
2.633076e+01
2.876541e+01
1.615650e+01
1.129272e+01
1.824000e+01
1.017590e+01
1.102334e+01
7.957886e+00
1.640419e+01
1.164747e+01
1.404504e+01
1.660771e+01
5.576125e+01
1.261071e+01
1.385282e+01
1.510089e+01
1.379167e+01
1.040107e+01
1.599709e+01
2.876340e+01
2.435080e+01
1.317967e+01
1.605132e+01
1.901941e+01
1.034825e+01
1.531406e+01
1.647234e+01
1.340724e+01
1.554274e+01
1.651012e+01
1.560898e+01
9.241658e+00
9.679316e+00
1.072203e+01
1.271024e+01
1.347969e+01
7.923913e+00
1.318073e+01
1.229090e+01
9.756471e+00
9.326522e+00
1.280103e+01
1.693148e+01
1.906867e+01
